2136
1991
798
2847
1301
3197
527
3056
2926
3367
2970
2980
583
378
336
956
1851
1674
1445
2984
659
1386
1954
2542
674
1342
2188
2726
1843
999
18
3028
3092
3322
1941
3254
2331
289
3182
2615
681
676
925
1900
466
474
1659
2412
3329
2333
3225
1903
1389
3488
2339
3579
2469
232
722
1423
212
2881
134
40
1572
3230
158
1287
306
2443
3583
1321
1701
511
1660
572
1047
2870
2863
869
1190
2741
173
3560
3511
1097
1236
4
1076
3334
213
1365
2704
2592
2800
3241
21
2318
1910
2586
660
2809
1094
118
1793
1276
280
3095
1224
3541
1744
1422
3523
1593
2393
1754
622
830
2499
1401
2657
788
342
661
3113
1578
1093
3544
580
244
2700
2324
3575
1227
2035
1533
169
3472
1901
2400
992
2774
1319
2161
1943
3223
1241
1714
200
3454
3097
1126
1381
1527
3304
2521
3226
3540
1282
3522
96
192
3110
1397
2583
831
1603
768
2453
1127
3023
1984
331
1698
314
15
2450
1049
3598
2781
1748
3208
1430
1588
73
1643
410
912
935
3436
833
1318
1842
51
2663
2805
631
774
1380
2546
207
2584
2365
2538
1813
2707
2559
3434
227
1616
2955
2630
990
1800
2842
839
1779
1361
2359
1601
1414
1079
1652
876
1471
1861
2596
2591
1610
888
1460
2165
3592
3401
821
1986
220
355
420
3086
2149
1711
3338
3146
3255
2023
2566
1018
77
524
1683
893
2051
1248
1243
911
2732
272
1595
641
3599
2918
3311
1203
896
1219
2909
3501
957
104
2505
2589
2390
532
135
1074
1451
236
2578
249
1544
2536
1951
3420
3331
138
137
3258
2100
587
3531
1125
1623
1448
1331
3229
75
2508
2562
2818
1112
1501
1042
2364
2112
793
2603
2739
777
2784
2762
826
773
696
1162
3059
3035
3332
1062
3443
151
1763
2974
2447
2953
2959
3088
2246
2527
3051
2544
2266
617
3538
3202
2465
165
1495
1759
3011
2500
1690
2928
636
963
2811
931
3474
1020
571
2038
1009
1757
1116
1028
518
154
1366
1017
619
2338
2571
2911
2540
3485
1454
377
1507
2922
1737
3120
1265
2665
1463
1513
2083
812
1537
1293
3534
516
218
1355
2977
445
1565
5
2587
1929
1429
1089
1266
2147
399
3300
1784
95
250
3195
35
2746
694
320
1511
2965
3316
1081
3437
88
2250
3048
1035
1916
3482
1906
3315
2415
78
2555
2146
804
463
1712
2610
1256
1438
2551
2336
2419
3058
2216
2680
175
3508
2284
486
191
2491
438
915
3283
3100
63
814
575
2418
59
2239
1959
1159
3587
1255
738
1685
2958
3193
2703
932
1816
1871
2248
1137
1207
1663
1848
2875
529
1854
3163
1
3542
1586
1583
2310
1802
1713
1608
2073
2332
1602
2480
2473
1694
347
729
3109
2403
1930
1368
274
2406
2457
2127
3249
163
980
3339
3118
1568
1541
3052
1811
1217
1613
3159
2309
2623
967
918
1082
1771
498
979
2608
2182
1787
2961
3298
1359
1153
1149
2237
1892
2972
239
2964
1515
2354
761
2754
1680
1001
2122
989
2398
2696
411
2693
3268
2957
3550
3020
1634
1119
1234
670
3360
2384
1575
1606
83
3466
313
426
643
1489
1420
2933
3543
1262
2891
2780
2518
50
195
3593
1721
3030
3015
1258
3127
1197
2684
2279
1794
3116
1029
2898
3137
673
1417
7
2207
279
3476
184
3421
2254
1891
1487
1169
2370
1260
3477
161
1761
3165
1865
3050
3530
2243
116
3025
810
2778
1108
330
2942
80
1214
2883
507
1364
701
589
1519
2042
1146
2374
2305
300
1923
570
939
102
775
3481
124
3465
2386
139
3336
2082
1084
432
2516
3160
2667
2358
3464
391
3055
1206
1819
1267
1383
2682
1037
1428
325
2579
489
2824
475
2988
1060
310
560
2753
155
3409
3383
2075
3104
1254
415
3484
2699
910
1393
412
2385
2939
1531
2910
1646
849
3266
698
24
2564
3589
482
665
1458
3001
1877
2685
2621
1995
1376
3211
3567
3377
1635
2069
2556
3514
3525
79
458
1722
365
2494
3527
972
2888
549
2001
3108
1789
744
2202
913
2140
1468
3384
3479
1745
2770
1023
3502
2743
2274
1015
1461
2773
2705
1928
2594
2550
1408
2047
499
1809
809
430
3272
1480
3353
2009
2658
1436
319
3192
3425
19
872
1676
751
638
3328
2850
3284
403
1982
2086
3002
1038
3275
3373
2479
2251
3247
2843
221
3187
2653
369
3292
2775
878
543
448
1625
2179
2308
111
153
3526
3490
2560
2152
1850
1066
2292
3415
3276
855
962
107
2322
3070
3519
3274
3132
2973
2563
3217
256
99
2982
3019
27
1091
3517
1751
1036
690
2638
2278
850
3231
1240
2761
3500
1944
509
1805
988
103
672
32
2129
2694
3105
1231
2764
802
699
601
3054
505
578
3392
182
3310
1932
1375
1727
1346
258
2475
760
6
2837
2301
2485
3462
2954
147
2077
2458
2783
2413
3507
1399
1496
1387
2428
1252
1447
312
944
2187
2041
3126
1263
732
2952
1064
2852
1384
2006
1883
3123
1977
2969
1580
376
1536
2476
1437
1194
2820
3140
1741
2422
1786
2404
442
2644
1764
2261
2045
639
2106
2110
1927
234
2022
2885
3363
2444
552
3175
181
2504
1688
1870
2547
1804
2050
2735
2153
1405
3431
559
174
3376
2477
447
3319
1552
2351
943
3354
2609
794
860
2895
1332
3245
1925
2005
364
566
3366
2306
3170
231
3453
596
17
2007
924
3082
1582
836
2185
1855
2148
2673
1333
2214
1895
970
2695
727
2478
2661
449
3145
533
3029
2567
1132
667
3121
2372
1298
2257
693
461
2486
950
2998
870
1846
1478
2573
1011
1130
2280
132
654
2582
1014
1911
3093
3210
2360
3215
1904
1128
1561
1314
148
3057
1830
1117
547
2371
2829
554
3459
1055
1151
2470
2268
3497
3312
2227
3448
226
2915
2614
1229
1801
675
2528
1299
2759
392
2512
3407
375
1617
2441
457
3347
1312
3273
2449
60
1390
975
1444
1966
2126
1839
1109
3016
3242
2420
615
1257
2218
261
1776
1677
3173
1778
2777
934
2451
3135
1110
1048
1768
2102
318
1134
404
3486
2845
2314
3234
361
428
921
454
2827
2585
1098
725
2195
1934
1186
3125
1218
3558
3257
3150
2252
2757
1446
1718
2347
2150
611
2432
1367
917
109
3595
2211
3180
2089
3469
1249
820
282
2636
339
1574
3033
164
718
268
2021
1160
105
303
443
1948
1470
2652
3174
536
1324
1481
2012
576
3041
3473
3262
2461
2577
2807
2411
308
144
2532
1199
2084
592
2968
292
504
3089
1890
907
2930
2297
284
3578
262
67
1535
2905
1102
521
2948
1618
2289
1765
2271
2576
1456
3191
3586
2713
3326
1269
2692
2572
433
2196
1609
2258
2096
1738
494
621
3512
2943
2277
2044
2749
3456
3130
1860
791
1550
1005
387
1021
246
1758
1450
143
291
2590
2716
2894
488
3399
1570
1057
886
1092
1599
2867
65
2059
2853
1196
3452
1707
508
2294
3375
215
1183
782
2116
1270
1926
3141
3181
3504
264
843
1327
2929
335
3200
2529
3475
2861
834
2788
686
818
64
858
3299
2793
936
3063
38
265
2503
1967
3313
223
216
2593
1560
1710
1113
1814
644
1902
1279
1670
22
2755
3000
3344
467
1372
3261
3207
2036
1239
431
3080
616
2921
1167
2056
1653
2985
3582
678
995
2094
76
1873
122
1105
131
555
2281
1410
1898
2848
1406
697
847
2664
1832
2355
2402
1564
1812
885
2249
3533
1007
1976
550
3423
3468
2015
2493
3036
815
1598
2229
3364
1211
2145
1080
1520
317
974
3351
1474
1222
2767
3321
1246
2132
2139
3149
2804
2637
3239
2931
585
1362
534
85
1788
372
2801
807
30
1797
1330
1503
901
439
2497
2554
1739
453
157
269
887
252
394
2956
2026
2471
2174
3361
3362
1277
3496
337
2003
159
3007
408
2616
90
2053
669
1879
2380
822
1104
3445
928
1250
1467
1039
2046
3412
3079
762
3295
2143
574
3133
2654
3346
2722
1664
3053
2462
2606
1796
1880
2049
3535
2223
2446
2772
1292
1343
1350
1425
612
1484
2396
1259
2814
1505
1374
285
168
3380
3396
1654
1548
2745
2876
3040
3391
3387
3233
3069
1837
70
823
1340
3243
1223
206
3067
384
579
2353
2819
3044
816
3355
3432
257
162
1835
1106
1356
92
1165
2611
2718
1490
193
2061
663
1123
44
3068
1874
565
2626
657
2823
923
3073
648
112
366
460
3264
1172
2017
1099
2607
2452
688
3352
1747
2303
658
569
2433
3491
2702
2628
1204
2074
799
393
2488
2431
2302
48
205
1862
1382
666
3112
0
1736
23
1798
2798
3350
605
548
3455
940
3510
1672
3153
407
2983
1273
1316
3318
519
1947
425
1700
3260
185
1071
2946
1559
632
2244
3026
1370
3557
1840
797
789
3411
228
1052
2859
2231
405
171
785
101
1185
1141
1825
733
1202
2142
84
2329
709
2978
1022
1086
650
3327
383
2524
3549
2986
2854
573
3565
3539
2893
3164
2363
1705
2629
465
1858
2808
3552
3503
3228
2803
1600
149
3403
3185
389
1285
2192
2325
2751
544
2141
1264
3042
711
3390
2531
3506
1630
1033
1597
2840
2205
1687
2468
370
1629
3081
1626
1339
1054
2785
302
2932
882
2010
2492
424
327
3305
1122
286
715
2552
649
3532
2317
66
2535
2660
2904
1973
3301
2539
2454
421
2057
1988
969
2813
1189
323
1596
1323
3101
764
866
2633
3546
926
2880
1881
348
2437
3198
2513
3591
1308
1726
829
243
2234
828
590
2315
1441
964
1962
2750
1434
2262
1815
242
1391
664
435
1115
2144
2717
1348
1996
3581
1746
1124
2210
349
2064
2114
106
10
1488
1936
2163
3335
1045
1639
3369
881
813
1228
506
3570
2316
1360
2034
1354
2997
595
1826
2130
1917
1069
2575
1278
2200
56
2487
713
1974
2240
702
671
1919
3521
296
322
1658
859
3124
1556
971
3060
2618
1894
1543
2230
240
1884
2919
2383
271
2097
3139
749
1534
1691
2346
2712
3038
1334
2115
2655
2204
3374
1852
3294
1494
2311
1949
3499
607
2190
1336
57
480
1493
584
609
2679
2197
2496
1633
1261
2662
2027
1483
2040
1100
2836
1326
1749
140
941
909
100
1313
217
1697
1615
2787
3096
2282
2756
1897
2481
54
2866
1442
97
3047
440
1612
3414
2791
3251
2176
3438
1905
2769
1872
2442
3106
1540
1762
290
1395
1439
1065
2463
1459
2033
714
2217
1889
2517
2635
1558
1170
2570
141
3246
1666
1432
2748
2889
3269
1753
334
747
3378
2304
3278
2612
2342
2030
3256
3220
247
3102
1914
846
2259
2226
2072
3090
1400
382
1614
2489
2825
2194
2519
620
2545
1013
790
476
406
1530
856
1281
541
211
2760
55
357
2156
46
2495
487
2541
2646
1803
1581
298
497
2605
2817
3471
756
419
2117
2111
781
2568
591
1555
170
178
1371
2307
1975
2466
3368
844
2627
235
1063
2031
2650
3286
3061
1887
1931
2604
93
333
717
3075
994
1657
1491
1120
3049
2729
1662
745
462
1193
750
444
230
703
34
1665
2725
2514
759
594
2427
2169
2887
819
3492
3004
1743
599
2515
2067
3573
362
1971
3205
1621
2913
627
3447
562
3204
386
2265
2601
1077
1627
2976
2426
3580
156
1983
558
2670
2078
1320
2125
1679
851
1969
2173
3021
563
259
3148
1002
3043
1121
1997
1027
1820
86
684
965
3422
3103
2642
1532
2092
2377
2506
3045
531
2276
481
2857
1498
3244
779
115
603
635
2319
1946
1868
2768
2326
500
3013
3008
136
3323
1187
3259
1482
363
2483
889
1642
2345
937
1075
3122
338
1669
2460
37
3568
2728
1156
351
1268
655
1510
1347
287
3167
613
3177
1834
1644
1587
766
2789
1508
1145
1412
805
1979
2440
311
2744
2167
1464
1981
409
2103
2949
1245
2272
1755
2300
977
2414
1573
1133
1682
2833
416
479
2659
2669
1341
2868
2711
3267
3166
3574
1291
2687
2967
1311
2776
2183
61
3134
450
1952
3172
197
3027
1557
2119
2043
2522
1777
2283
189
2872
1645
1230
961
1235
166
1088
2417
1426
2691
2995
128
2208
2232
1349
2221
1703
899
2151
3372
25
3236
1107
2569
2172
2892
1295
2070
3117
9
954
3572
52
624
1232
1352
985
1529
1184
2916
2600
2816
682
3010
1964
1040
3212
1310
3296
958
3349
900
2490
304
746
2844
2193
586
293
353
194
1087
1200
413
1807
707
360
2907
3333
1675
1136
198
973
3314
1073
2862
2435
260
251
3022
3147
2361
2649
902
1351
201
2971
117
1455
208
1673
1783
1980
3441
877
3114
618
429
3337
1499
2456
2923
1968
3062
557
275
1699
179
3467
1678
225
2409
2835
190
1885
3386
2429
2935
606
2900
3128
1863
47
152
388
385
1972
344
3270
1577
3065
2085
890
3451
1592
2855
452
538
1053
1517
2170
933
2945
3224
2181
71
3087
1545
3548
3171
1398
3238
2721
3528
2247
1957
3221
1296
2678
795
3342
3289
3341
2020
546
3142
3385
3288
3433
3513
3282
1114
2296
2121
1139
984
765
1297
1668
668
2062
374
517
2269
1641
2323
1886
114
1274
2625
3227
784
865
2155
53
3520
1547
2963
3071
983
1179
2730
455
1051
3161
3397
2830
1732
1938
3495
1363
894
982
955
720
3203
1594
26
3157
491
3155
3381
3263
1210
3072
1221
2120
800
3537
2445
2710
277
3309
1215
1792
2177
770
2865
3297
307
1878
685
3240
2860
1824
867
1012
2212
2873
2330
2719
691
604
2966
827
414
3250
2255
864
2133
1078
3083
2884
464
3518
2391
1101
160
736
3168
1135
1667
2979
2410
602
2720
11
1590
3222
2864
1003
1059
731
2080
1940
3158
705
3252
371
1378
1607
2245
2186
3562
485
1198
2668
146
2648
735
2455
2723
1833
1528
3077
2841
3098
2927
2037
2201
2349
2950
2334
3458
2851
2421
1085
628
196
472
1220
341
3006
2287
1155
2790
321
2530
769
1225
1553
2275
2079
1161
3393
3183
2752
1717
2647
723
3306
2088
3154
597
1955
1780
270
367
637
1421
3136
1166
835
326
3232
2937
1083
3569
966
3214
1775
2299
29
1624
94
689
2065
2533
1752
2632
1404
309
1956
2424
2397
545
129
1524
1945
1283
953
1620
3078
2690
1546
568
1416
2343
1933
3600
3218
837
1867
726
630
402
2264
904
2013
2925
2740
2962
645
3131
610
539
1024
91
1431
263
1504
1043
2352
1067
2765
2394
2285
2028
1773
3494
1072
2676
1472
1728
817
2063
642
483
2350
3034
356
2947
2180
1031
647
2924
1056
484
1103
776
986
514
1960
884
2879
1836
3293
1026
119
2990
1838
2701
3545
2688
875
853
2981
3556
288
2000
2222
3388
740
945
224
2328
142
2747
891
1469
2989
2595
3325
3402
2025
2996
2213
2731
1978
1357
354
1942
825
1828
2482
2826
3405
1671
1591
1388
2896
721
209
3031
441
1716
167
1912
36
3017
3099
3184
3018
3320
522
2054
2290
3427
625
1004
2936
1466
3553
245
1290
1188
778
203
295
1289
1144
125
305
1893
2093
346
1492
1849
2335
121
3461
526
1649
202
808
1806
1171
2439
3253
2588
2368
978
706
253
332
3426
1000
1379
2123
3446
1733
1322
281
2242
1882
2430
1774
754
1866
1896
1131
294
2416
1008
2389
396
1369
172
3470
968
1563
110
130
2620
1965
2395
3302
2782
1150
1958
1182
880
662
1325
897
530
728
3178
3365
1706
2379
3418
2849
2733
1061
920
3524
3307
1514
1907
1178
3529
3188
1485
3419
3279
3291
1913
3588
1142
2081
1785
1589
2366
3576
2134
903
2154
3162
81
1724
2940
3356
2624
1154
3408
2758
2715
1579
2786
3348
1392
2224
58
1016
998
3219
343
380
2263
3359
737
949
3152
3094
2423
1845
3483
1817
1920
3119
2131
2091
629
2507
1473
1715
991
2107
2886
801
1921
2834
2291
1158
204
2523
14
2724
2738
3216
700
2076
780
3585
1010
113
8
3280
2016
2634
3478
1335
1994
2599
2548
3303
3265
2162
3554
2598
2295
2387
704
919
2327
2206
1205
1637
2631
2135
2839
2270
1041
748
3235
3597
2619
3111
1702
2509
1998
2312
470
222
1251
2526
2109
1539
2906
564
515
469
3382
2878
652
868
783
1095
2874
1191
2899
3169
2191
2484
1810
3084
3176
2008
496
2671
997
1307
2797
2184
2002
2543
947
3430
3308
1213
2434
633
1506
3395
2321
1118
852
3290
2029
1304
2055
752
1174
2698
1651
1253
593
2348
1394
3343
2337
2058
3480
324
952
1212
188
248
2357
2113
3429
2104
1681
2464
2105
397
1440
1070
2448
2228
1427
254
3509
3287
3324
861
1424
2124
1569
2908
1818
951
1526
3515
210
2168
763
922
1939
2581
1373
267
840
3317
535
512
863
2697
1831
2160
33
2004
743
1353
2052
1822
1999
2858
358
2501
2157
2901
199
1111
2602
3107
1740
2267
2999
2613
1611
1562
1922
3400
2846
942
3394
2407
3201
3555
2727
2890
120
946
2362
3487
1238
123
2674
1844
2320
229
741
1286
842
2256
2382
845
2938
987
1692
401
2736
2869
3345
2238
1452
126
2941
127
1502
1329
656
561
2574
1985
451
1750
418
219
1731
1647
2158
528
187
1725
883
340
1709
490
273
3379
43
1735
1720
2071
3563
1523
3085
3064
3463
786
2011
214
1638
1328
2019
1723
510
3561
1628
1306
2099
145
1411
556
20
1345
640
2369
2812
2472
1168
1661
1271
708
1525
1209
927
1176
1486
1497
49
811
1280
2645
2565
2799
1208
2014
1164
2920
2994
2734
237
3424
803
582
1522
473
2877
2032
1766
1195
2902
1935
2681
345
1034
423
2553
2436
3449
1704
2709
2178
1044
1571
1875
2376
1640
180
2640
2408
2068
3493
177
108
3596
787
2467
2537
2438
301
996
3037
3005
1058
1415
417
1294
2375
2340
2643
692
1305
368
3370
1433
2502
2993
2159
1338
297
1288
3129
1477
1509
1152
1303
3460
41
3190
2656
1990
328
1961
542
3389
1719
3151
1175
1140
502
2241
2677
350
871
730
2341
3571
3410
914
3209
3590
266
3186
1138
1173
2706
3489
1096
2856
1181
824
1500
1909
1619
677
2639
1237
2992
753
1542
3144
1989
523
2742
395
1242
1129
1808
3009
581
2917
3281
31
598
2511
3505
2273
2975
1636
3340
2666
82
653
186
422
767
2225
1143
3138
1908
379
1475
1847
1695
2991
1859
2399
3594
600
1465
1576
1684
2203
1790
1566
1693
2298
1233
2672
948
1216
3450
69
3536
1435
2951
1829
2215
381
1449
1201
981
1696
1823
2066
1050
739
2714
1443
892
3559
792
1516
3199
1244
1767
2288
2388
2018
3014
2260
3440
1512
1888
1302
683
1953
2771
1479
1585
2683
72
513
1772
1827
1650
906
838
2832
1476
1090
960
553
2166
471
1584
2580
3156
1853
501
2510
3404
1247
1413
400
1781
2871
908
1915
1756
2474
3416
3091
2286
2498
2313
551
2189
1689
2367
993
1518
2401
456
710
1358
3277
1742
2651
2525
1396
436
87
976
3024
2641
98
2175
1521
614
2
1407
3189
45
133
3179
772
299
2686
2828
3371
1275
1554
857
176
437
873
2534
1317
3330
2815
2198
1899
2806
2235
89
3444
2779
577
2405
3285
3516
680
854
1791
1795
525
3271
2897
2882
3498
398
3442
2903
1032
2024
2236
520
446
2944
2118
3248
895
2060
2095
1418
2048
687
2459
1300
806
492
2373
2987
651
3413
150
2796
1180
1157
1963
1419
62
2934
712
2425
2557
1950
1708
796
316
2737
276
3417
3039
1622
1272
848
2597
1734
1019
537
503
2766
68
929
1284
1648
3237
2914
3584
3074
2795
2617
1857
626
2549
905
874
16
1656
1567
695
841
1841
1344
540
42
1918
1730
183
2219
1192
3206
1163
879
2356
2378
2392
427
3196
1987
12
1147
1876
255
930
1655
1402
495
3046
2090
724
1177
1377
3194
2164
716
3406
742
1226
2708
1315
1385
233
2675
3358
390
2912
2253
3551
74
278
898
283
238
1457
1551
2831
3577
3115
734
1046
2137
2381
373
2561
2087
2293
567
241
3066
3
39
1403
2209
755
2199
3213
1604
2108
1992
2233
634
771
13
2344
2138
2220
352
2802
1148
2810
2792
1538
916
1769
359
1686
1549
3564
1030
3076
1068
2039
2520
477
1309
862
28
679
3032
478
2960
1782
1337
1924
1409
3566
2101
1453
3398
719
2128
1006
1729
2558
938
1937
832
1025
588
757
2622
2171
1632
315
1462
3428
1821
2822
3143
2098
468
3457
3003
3547
434
329
758
2794
1799
959
2689
493
3012
3357
646
1760
1993
459
1970
1864
3435
1869
608
623
2763
2821
1631
3439
1856
2838
1605
1770
