2000
1840
2750
2389
1512
1814
954
2102
3461
2757
1480
3024
1970
3018
922
1160
2964
3438
513
2902
2020
2516
819
3046
1318
866
2920
2375
2055
2999
383
3142
1865
1451
3055
2096
1523
2879
396
1984
1213
2118
223
3173
3239
2238
1040
3530
1430
3309
1668
2946
3333
3070
1337
887
1826
3316
1698
1529
2670
1897
143
2569
2919
932
3146
2913
2602
3313
1837
184
1917
604
677
1981
926
2304
668
3403
1993
3359
563
2363
2393
95
1316
1626
959
3263
2058
1291
2397
1562
2778
2099
3472
3494
3424
2975
2342
3446
1135
420
68
1525
2094
776
3143
2256
3555
1138
1371
3161
1417
1210
3232
1376
783
1367
2036
2022
3463
3225
2930
1365
2392
1181
2726
524
3304
1614
3516
681
2572
1017
10
2756
3255
3495
2925
1060
2991
3275
2658
3047
1310
249
1143
1027
3310
2241
403
1618
2324
1920
323
2356
800
2259
836
1967
1336
540
190
793
1556
1088
240
1517
2497
2861
3585
1484
2932
1189
27
886
503
773
2105
2549
2150
241
3456
1690
920
3017
3571
1762
2725
1250
847
3487
3027
1133
312
1535
3596
2155
1846
967
722
755
2146
2724
3442
1797
1747
2987
1647
1331
2623
2413
2042
288
1212
2388
826
3040
3350
543
637
1641
1062
3545
2674
464
201
2322
2527
3306
1745
123
2783
1494
2484
73
616
2299
1439
2247
3175
2665
2193
3511
767
3549
2353
1815
3051
2940
1587
2997
2736
2520
2667
1644
791
81
2470
3287
1122
1536
547
2496
1369
2720
888
601
1035
1764
713
16
2984
3083
2258
1350
3354
1858
935
2735
141
521
551
2965
416
2718
331
1751
3534
2978
3591
1739
1666
1014
93
2092
3154
741
2168
2312
727
2475
1965
1956
1962
2685
83
1609
1619
2406
1938
2351
2951
3376
267
617
3344
2626
673
3209
1765
2429
2700
2563
639
29
2301
787
2808
1677
2191
1859
1026
2458
3498
1622
2980
1485
1333
274
3377
1829
2599
2282
297
956
595
3238
1918
2465
3167
788
3370
237
3105
251
3392
1007
3035
3450
2576
1315
492
1601
455
650
1889
2471
3216
3590
1508
1943
2009
1262
469
2293
1707
3224
2348
182
484
2985
3076
3041
3267
2532
2169
1923
1463
3556
3025
3476
1349
3165
3058
1381
2021
517
2661
1542
2454
505
912
1664
955
1699
702
3272
488
1140
1524
1586
3577
3296
1584
45
522
2370
2327
2424
2749
2396
696
1356
3286
1070
3347
924
2957
1168
1518
2820
3022
514
2780
3588
876
2025
2079
2211
393
1297
3457
855
2908
3480
1220
114
1113
1211
1901
611
1460
2130
752
1100
3340
2747
2153
1925
1061
1736
1232
1078
3122
1016
335
1325
1726
716
1564
465
2185
3097
2504
3183
459
329
2610
390
913
576
2773
1438
40
1253
1958
2705
1450
2663
3090
1449
970
951
3192
2315
1434
3257
62
227
493
3314
1620
1288
213
1129
2391
2350
1940
42
2588
3422
2084
2731
2483
1471
447
2536
1617
1611
2993
3294
133
1624
2329
1041
3525
1128
172
894
2677
2953
2717
2277
930
1064
3478
2380
1816
1141
186
200
3378
3548
2226
3595
1574
1191
2024
827
785
1709
2564
3557
3196
199
3158
2555
2760
2253
1363
1805
3564
810
2220
2030
2701
2552
2800
2500
2003
3237
124
1165
2374
1342
2941
2838
2880
2697
3513
749
2248
2777
2384
2334
792
2945
1034
2364
382
3155
2565
1727
3506
15
2175
3389
2232
996
1163
2781
769
404
100
424
3454
2531
1867
327
1572
1627
1786
3174
3052
841
900
2386
2830
1656
500
1193
3449
2618
217
2138
622
3382
968
1290
941
2653
3049
456
198
2603
1244
2016
3522
2862
1269
1684
2439
3559
2512
2255
3148
1289
2490
408
1896
3030
130
835
2797
2047
2631
1073
1268
3099
964
2703
1235
1303
1278
2617
652
121
3352
134
1678
1124
2230
2651
2580
1374
833
2636
2085
1161
2888
138
2284
1099
2414
3594
3469
3421
1835
3507
624
2127
3482
2611
1608
2339
2943
980
1960
3039
1800
1187
1852
1118
2283
2002
1511
728
1904
3550
2201
1648
2764
3050
646
1353
535
3518
3348
3489
163
3096
2303
1008
2873
3258
1776
52
1724
289
2064
2835
221
330
1693
2311
2217
3124
3470
3423
2333
1072
1454
1446
3121
1091
603
3061
1825
1944
376
1760
2037
2681
1735
2189
692
1924
1455
995
2856
2319
96
4
525
1906
233
7
1159
981
3261
2401
176
1226
2986
1105
3130
1676
2814
3190
2224
1746
1410
2761
290
315
2018
2460
1950
1768
725
20
960
2535
651
1599
3011
3129
804
3345
1546
1276
589
1067
759
619
2772
72
210
3501
3468
1174
1053
3328
806
3260
2142
344
2479
349
2133
1411
1266
893
2263
1364
802
3180
1491
103
2328
2693
914
633
1604
107
2013
2732
1215
120
2307
3582
1286
1178
179
229
1421
1096
2910
2851
1239
1443
3414
3163
351
2264
1428
644
684
520
3543
1596
859
2729
2597
2799
1600
59
1994
2571
1452
936
771
2043
2765
1569
2344
286
1010
3504
625
1637
3492
6
360
175
3236
596
672
1245
311
2223
2876
3561
2979
3443
1688
2543
2135
1761
197
3521
137
2234
614
157
205
1514
345
1108
1963
1036
257
2019
1217
2272
1182
1071
457
2443
194
789
2463
1293
1774
3400
1882
1821
1991
3297
545
2560
1378
3256
2866
2132
1606
1721
574
735
2029
1968
12
2377
3015
3246
461
2157
2891
993
3242
259
3089
2752
2052
318
2075
1864
2045
144
2798
3280
51
3300
219
953
2381
2977
260
812
2237
3447
3147
1313
934
102
1692
1567
1270
3418
1020
1092
1934
3212
3012
421
77
3084
2728
3406
1006
2469
280
3160
3095
468
582
389
1031
88
1503
3305
391
1759
1783
1691
3584
1
3529
2308
3290
3453
2969
726
1045
905
653
54
938
1164
2267
373
439
332
1848
2274
1522
1883
3366
2850
2077
2642
1651
1504
3379
828
3329
747
2166
2060
74
649
3336
2855
2556
1722
897
2246
2690
751
39
2615
588
1048
3301
691
2918
2680
1311
1909
634
1706
3429
319
2586
479
2604
2498
38
2141
2841
41
1988
3252
1661
1068
704
1520
1773
1510
31
19
326
3086
2890
2600
698
2864
164
2791
2121
1667
170
2889
2160
2243
1049
983
2122
2524
3208
3445
1742
2534
796
2216
3404
2286
647
2675
1358
2405
1672
772
2926
778
3251
690
3125
2638
2468
2591
1305
58
3108
1743
864
2533
1905
952
1025
1687
322
2090
957
3197
362
3390
2173
1175
801
610
67
24
880
1406
1559
340
2509
429
2481
3245
1779
3157
2821
2330
2209
1877
1285
2050
2584
1075
3536
1052
3282
1581
1961
1387
1990
1794
753
3114
1613
2265
1755
222
3069
2922
3247
2541
1399
2120
3204
1502
2508
2176
264
3137
2745
454
2730
818
2202
5
3094
397
2548
1873
1489
2537
2907
2229
758
3072
2337
2734
3496
3592
2378
202
2875
1710
1136
577
1086
1791
3346
1453
701
1813
1131
2905
86
305
3127
1390
2004
1478
1780
1532
1042
2186
2054
2834
1317
2321
1346
2828
2641
2242
994
711
502
570
126
1650
2607
508
224
2192
109
2398
494
1243
178
2803
809
195
3426
2795
2519
3335
2482
2231
1145
858
276
2849
2840
3116
1763
670
2523
1329
550
3020
2110
1271
2825
1412
3479
2318
154
1772
2273
1256
1640
1976
1621
1084
2218
915
364
1912
1915
874
2958
368
2628
946
572
2053
168
843
1841
671
475
2514
3203
2589
1498
2931
1633
682
1631
3531
1784
385
2996
3415
2671
1685
3128
2332
89
191
287
3523
636
482
3082
3293
895
2715
1280
242
1868
369
1272
923
591
313
462
1058
1024
2158
1594
2421
685
2074
829
805
1474
1274
125
17
3178
1974
530
3214
2366
2539
2558
2183
2198
2139
2227
1499
2244
533
151
1951
1831
1799
3499
2249
2026
3440
1703
3401
148
2440
3419
2738
14
987
451
2073
296
1980
606
2567
2789
2776
2281
1188
1671
3107
584
2295
1456
2131
612
3483
2097
1526
379
1683
2252
3131
739
1054
2505
57
2204
2744
2493
1234
76
3599
231
746
2704
405
2743
3195
2954
3013
2196
3519
3583
113
1521
3572
1689
2163
648
1247
687
1004
2878
127
1500
2182
3451
2934
2271
387
1516
2390
2577
661
2280
798
1488
2428
2195
1681
1902
872
988
341
2445
478
992
909
1847
1201
3037
1566
1130
1528
1730
929
834
2676
1788
3153
1766
2035
1653
3019
1093
1811
1195
159
2893
1465
2441
1209
1375
754
1686
430
1833
3109
122
3373
1486
1945
36
1261
2044
3532
3581
1750
1874
2098
738
1030
770
407
2316
1741
3221
2762
386
1157
2763
2900
140
1849
2116
60
3384
1229
1554
660
1769
3074
664
1565
1401
1818
511
3206
676
2032
423
1843
3222
1319
13
3034
2069
3087
3318
2710
3444
917
2213
1021
1530
413
266
3053
3408
2007
1044
1713
321
536
2147
353
3151
3471
1074
898
2362
2673
2818
1119
2285
3466
3199
1533
569
2187
1324
2644
1083
1448
3397
21
1916
1543
602
2833
3547
3405
2542
943
3402
2331
384
2049
3552
2072
2125
298
3119
2917
1941
2758
2924
1545
2491
3560
336
1179
2309
1409
1200
1880
832
2974
1888
2753
2881
853
1190
1607
97
552
2721
990
1827
25
2613
1252
3484
963
1820
3427
1171
1397
674
282
2382
1583
1079
2759
1339
1501
2011
1437
1156
779
183
680
2087
1328
2698
3589
1335
2046
1422
2927
2938
1954
3455
2629
212
1414
82
1541
104
846
1642
3538
1300
686
234
1120
2165
452
204
271
2235
2061
519
1979
1479
3071
2546
2305
3060
2041
491
302
1738
1680
269
1307
2323
2071
1844
26
3140
2438
1975
1585
33
2854
395
840
743
2452
2111
523
2194
2062
1527
2739
675
1834
1433
2621
3351
870
3416
377
2566
609
3264
2161
799
2557
2714
2266
306
3425
2947
1382
2683
1444
3490
3106
1646
1903
1405
3118
2006
3006
3162
703
1777
1046
3388
3380
1795
2733
2606
2596
2842
3215
1654
1117
2741
2385
46
1895
3420
2805
1386
2159
1946
1003
3303
997
2340
643
1309
2288
2525
2712
2966
2983
2779
1155
1487
2027
2051
985
2518
105
3207
3515
1875
235
3411
2148
2427
1227
3435
270
1639
1441
2379
2317
440
2829
2287
432
2346
155
2268
2115
590
1475
161
2369
1424
904
2039
1332
2093
1537
790
108
854
518
808
3491
3317
1936
3283
931
3014
2955
1603
2095
8
839
3565
69
3080
2415
1891
3399
873
1241
2622
777
2126
277
3077
2170
2609
111
2884
209
1351
1246
2251
118
1206
1908
3213
1236
817
837
1462
1177
458
2017
2474
9
3048
899
2358
1733
2847
418
3432
2276
354
435
427
1771
2291
1338
1282
253
1404
2785
1675
2376
3123
2136
882
907
2434
3331
370
916
131
623
2179
3514
1267
2784
1114
2083
1242
497
1347
3085
3007
2088
147
2078
32
2570
2100
3113
1224
470
499
2245
444
1823
284
1982
2845
2664
2822
2817
737
717
473
11
3363
2748
965
2403
1571
3299
665
232
1002
3343
3586
425
2595
1845
426
3104
483
600
971
1789
3369
87
450
422
1615
3001
1134
2529
3102
1255
940
2694
3386
2936
694
3526
3016
1435
463
3308
1173
1910
816
850
2038
1602
2639
890
1737
1431
2488
2848
2113
2404
3021
1828
1597
1752
2770
774
1577
2695
490
2228
3325
2614
3284
