2000
935
1204
2879
504
489
3265
118
3208
1551
3393
2148
1715
3592
2111
2490
2164
2421
1560
940
3340
339
1924
2721
1619
115
1835
2723
852
2306
621
1414
2541
3007
2340
617
2389
3344
1834
3477
3063
347
2276
3426
1650
3388
1109
385
1149
3244
1593
3383
2967
3545
1256
2284
1908
2935
1831
1758
1677
3597
1586
3012
22
1720
1907
57
3204
1132
2469
1218
1047
2811
870
3105
834
2537
1329
1174
3310
3078
909
3390
175
3030
1516
913
3346
1520
276
1656
3476
2429
3080
531
194
2632
3471
720
212
1582
2176
2643
3281
994
1039
2323
1808
3423
1430
2280
2865
2115
2938
3184
2212
3382
3271
3008
1522
2187
3290
1526
254
632
3091
597
922
1423
1573
1693
1083
1697
2588
1955
1930
1171
365
791
1429
599
2558
3160
13
831
1645
1555
1568
3436
1681
953
3539
1570
506
2875
1075
129
235
1128
2713
845
901
1613
1140
1015
80
89
697
3217
3296
2169
3304
1603
1592
2200
1270
578
1121
2975
353
2834
1680
2078
1089
384
3071
2136
2302
2435
2324
3156
402
2405
3364
134
62
903
160
2793
850
3261
303
1364
1383
997
2796
1342
591
759
660
474
3374
1415
1607
376
178
1396
2365
1292
2775
1073
1209
3256
1612
1801
439
611
2758
2523
972
1129
3169
1181
2318
106
3116
3329
400
966
1258
87
488
1032
2229
420
264
3502
3356
2586
1709
2817
2120
711
1841
3469
1179
3198
3004
1419
1202
2488
1949
149
2482
404
2058
1499
2625
3555
2715
295
313
594
2573
3450
2902
625
2129
1583
1913
3277
2971
3242
3186
3230
3245
2494
1268
2898
1894
3575
1024
3464
7
1690
2361
1630
321
1286
2062
2463
2434
2836
2798
680
1046
2665
3269
1285
1319
2743
596
2803
1410
2499
503
3185
3510
633
2992
1872
887
1956
877
1469
1857
1056
3227
593
1432
2855
1635
310
562
1651
429
288
1655
2530
3097
2352
3431
1760
794
809
1333
2909
3526
1904
1922
243
3138
822
2385
1445
2423
3285
979
3411
108
2805
2367
2976
3144
548
2087
855
1293
3252
3110
2071
615
2472
3567
1977
1250
173
891
802
2542
2158
2806
2947
1782
2626
231
1765
2277
1833
2035
555
157
518
1338
510
2891
2996
56
29
696
1794
3089
2989
1334
2341
3543
1222
1722
869
1919
744
3165
1742
268
1133
3051
724
2225
907
2495
2823
2596
521
2468
1675
1964
792
1658
816
579
713
2299
232
1703
3283
1226
2635
1869
1094
2681
383
2174
1356
3457
2957
2506
2566
53
1263
1116
2776
2551
3322
3295
2863
1948
441
988
954
317
3148
2325
2598
2027
1805
246
1540
3181
3449
1535
2514
2826
718
933
3584
2852
1642
3427
1594
1087
1057
220
1030
1749
2903
1695
2396
1786
2703
2781
1252
1882
827
2605
1754
3576
1183
2057
634
1337
768
1816
482
767
1240
3233
1507
2125
2629
919
2694
260
1861
1362
2105
2310
3045
3535
1391
41
2794
1502
3588
2295
1973
864
1745
3228
2691
2409
1847
1579
1272
1478
2685
2961
1443
3407
863
1771
414
2824
2446
3466
2293
2942
3238
2640
950
601
2843
1654
1974
2464
306
426
2082
2672
2438
2030
911
2337
3557
3377
172
3552
2192
1647
150
3561
2555
79
93
648
1085
895
1125
2890
2510
735
119
1735
2504
3209
721
3524
928
3189
618
2300
3585
3001
2329
1465
1626
64
3580
3179
2037
366
511
3360
3395
1308
1086
2023
684
1273
3403
2239
2376
3197
998
1890
2854
2829
1500
2614
2339
3042
2053
2742
2937
37
1941
448
1062
1659
216
2517
2076
327
1189
1436
3495
666
2901
888
3303
3135
694
2127
3366
1896
2864
197
3081
2804
1699
221
581
3336
421
1844
2369
217
3504
3093
350
2327
1092
2061
348
2271
1126
1810
1135
2022
1538
3038
1108
3191
951
1633
2791
6
2245
2838
3591
1539
1468
1724
1590
1124
1999
2940
1373
3419
3523
359
2927
1482
1081
1006
263
3018
1729
2677
3021
1611
3250
2787
2201
2047
334
3143
1769
3070
1717
2647
905
921
3338
709
3327
3255
1368
3452
3064
296
2170
1887
2024
2042
2585
956
436
2513
573
656
3180
2943
2725
2682
2710
463
2333
3056
3234
176
2807
492
1537
1985
2177
1118
2774
853
516
1798
2210
158
3544
3599
2621
2607
3134
3174
2631
2810
1875
2066
2646
174
2439
1494
1107
1150
2960
1296
3035
1203
1637
927
3161
3537
1519
1489
1282
1632
538
2298
2452
1902
152
2974
2797
2203
2444
2862
2884
3050
452
1986
1026
305
608
880
2921
2447
683
2740
2731
583
2484
1100
2757
2213
396
719
878
3571
328
861
3006
126
2347
88
973
1012
2377
959
2945
1850
2533
2231
2906
668
2594
1936
2756
349
3483
1854
3521
742
184
1712
751
1598
1628
1766
495
547
2002
67
3309
3066
3397
575
3318
2065
2948
2320
1381
743
3319
2103
2962
2332
3355
2189
2382
948
2291
3506
1995
1493
2567
2954
783
1496
2040
1858
2461
774
3216
2050
910
1173
1515
3046
2509
2735
2492
1621
3418
2417
3103
2075
1320
1382
2415
2841
124
1781
2197
1195
3108
1420
3058
659
532
3556
825
1895
1788
394
1303
112
1139
1306
2709
836
643
3345
10
242
382
923
771
1549
1099
2223
2366
631
3043
790
815
182
553
430
3002
764
3146
650
425
3090
3527
2073
1359
747
1077
3501
2847
2944
1245
1495
2436
3373
1559
3069
3067
286
1855
3503
346
3278
1725
1437
725
3171
1122
544
1281
3430
19
2331
2851
576
3060
2850
3121
3219
2934
363
1158
204
1104
2364
281
1934
1558
3581
2498
942
1431
763
3173
2106
14
2695
469
3286
2622
944
1213
1710
2654
1671
2252
125
2226
3253
3034
2344
1548
1743
2178
63
703
3525
2264
1352
1406
1144
3062
2007
1920
477
770
3153
1054
1002
3225
1180
2426
793
780
1372
337
181
799
2958
1634
517
3013
1511
259
378
1084
3515
3048
1777
955
2081
2134
1035
99
271
177
992
871
3100
72
1022
1291
941
2650
1732
1271
2857
2048
1061
1287
2835
3379
2374
3223
2520
198
3512
736
1508
1145
192
1793
2288
3408
1344
1926
860
1901
2895
3124
3314
2044
3276
2215
355
2800
2693
920
2521
3125
2253
2819
1242
2736
36
1137
3257
1157
2503
4
1667
3317
1736
2609
1784
2790
1944
3313
465
2388
3392
1554
3389
902
2089
369
282
2870
1719
3027
2553
3263
1123
3170
1321
123
3145
3176
2041
1830
3114
938
1737
2303
3000
2613
1176
1897
726
3082
2191
750
638
847
2792
3513
999
592
3358
3482
211
3182
2539
1580
777
969
1065
2818
563
947
1435
1060
2242
2908
3119
1019
943
3289
456
1412
639
415
2515
2618
1322
687
362
1289
58
1310
1608
776
3564
1933
823
1323
702
3331
3367
1543
2534
3022
1259
3348
1115
2256
3434
3514
3112
3593
3305
451
989
1255
3011
647
2084
1544
2926
1624
131
2456
2720
2021
3372
147
1863
1424
2519
2641
629
1889
1753
1972
840
368
867
3475
3583
3188
23
2399
1998
2636
3402
2802
3405
1464
1211
2274
154
1325
1446
213
1193
1714
1541
1063
800
1845
1011
2524
3414
114
380
762
1498
965
3164
1378
1711
3500
2965
3516
2457
468
1016
1878
77
1851
2479
490
2563
3084
1891
46
1068
324
2964
2314
678
1822
875
280
1400
1629
2146
2475
1214
3273
95
2254
3122
1457
2680
3247
3563
2195
610
180
3598
2593
2660
3551
1101
1909
3494
312
716
453
3406
1533
374
1208
1223
2235
2483
564
3297
2198
185
2525
1138
2589
3306
3158
1946
797
3162
2980
1967
1483
874
2083
1363
3438
2627
2988
2184
3347
2577
3459
424
3175
882
2675
2917
2165
3192
3154
1721
3594
619
2913
3099
1279
218
786
2550
2645
2877
215
3229
447
876
3444
283
2873
2833
1668
620
454
1014
2619
12
162
299
3509
3167
967
2462
1013
2678
1605
1828
3473
1474
551
390
379
2689
692
3168
1463
1510
712
1615
3206
2644
2194
2147
1331
2350
1455
2575
1787
983
1235
94
144
1335
2656
3031
2410
1867
148
2116
526
1113
1965
3128
2638
3241
3447
325
3386
1182
3130
2584
91
3491
3589
1078
39
476
1199
3536
1817
1380
3102
3196
1394
487
682
1864
2133
2809
3101
2963
315
1925
2671
1351
3098
2480
1740
2491
2104
723
3292
854
2738
2059
2263
2858
2939
549
3284
2362
2142
502
3159
2701
2448
2028
297
2018
3465
1036
466
2592
128
1641
958
2949
2090
963
308
2767
975
1521
1978
294
2006
1862
3104
3454
2753
2088
1479
2759
2387
1341
2505
2433
894
1192
2354
808
2342
2326
33
2696
754
248
3222
1070
3131
2633
270
1018
2529
782
3054
785
237
2101
71
3294
604
2557
2930
2799
1962
210
3301
428
1567
3094
1311
2219
307
2285
140
2910
2013
136
381
391
2145
1407
2034
1278
3200
2822
1532
352
3550
2138
3210
2936
133
1426
2620
3470
1119
1249
2161
748
3432
1960
32
1418
646
3359
1686
3492
1312
1367
1201
2905
2363
1606
137
2427
3224
2072
908
0
609
2414
2970
1660
409
2126
2700
3123
2952
159
236
301
1450
1472
691
1846
2199
1
2440
2086
1992
914
1856
2379
1411
2732
266
2015
461
810
200
1937
1505
98
2538
529
841
3415
585
1105
2883
2432
868
2876
1253
977
2067
2578
416
844
3498
732
1790
707
1050
1136
1441
1987
435
1739
3566
2574
530
3369
145
543
2768
2416
1646
2175
1848
890
3560
3532
2459
1187
1814
2221
457
446
788
1503
3151
2746
189
1257
240
701
605
745
68
3579
3394
2068
3260
1961
373
1447
806
1775
1571
1979
804
407
3016
3370
1911
525
624
2283
1220
1196
2411
238
3467
1525
2208
2160
3548
2074
3334
2813
2258
729
2230
205
1685
688
3193
1983
1079
3291
2268
509
663
557
881
572
1264
3362
2244
2181
3490
899
278
519
2780
2734
141
3328
2900
2486
1774
3529
2272
986
1355
322
2033
408
1514
1804
70
795
2508
1248
2282
3538
1082
3428
3033
600
165
2888
1832
2390
2098
1839
3087
560
1524
3246
957
981
3258
3268
1842
2984
1470
417
1112
444
1080
1051
3376
2861
2418
1945
756
926
741
2977
3365
73
1953
749
3047
946
3211
1576
1880
1484
234
2871
630
1156
2301
3351
3565
3274
1954
1239
2316
685
738
1757
1049
1517
2159
2929
635
3178
602
300
1778
1034
1467
113
2982
84
2670
2815
3474
2265
2011
554
2380
1117
1564
274
595
2771
1702
1001
781
3267
249
2121
2527
1723
3325
418
2786
464
1561
561
879
1178
2686
3057
1627
2562
2761
2886
326
1327
1971
2617
2139
2404
2477
331
1276
2744
2358
167
3020
59
2402
2882
1843
330
1058
3248
90
3109
1556
1330
1277
3400
251
1134
1689
3259
2130
2549
1164
3190
31
508
2741
859
1768
151
3132
3095
1369
1886
1759
1021
1989
105
2583
3396
704
2867
2893
607
66
309
1175
3412
2425
1868
3433
2398
851
1751
3499
2764
412
3422
3380
1350
3595
2080
2381
2384
496
1684
3127
2705
3136
1397
2669
930
2311
2287
1267
227
2716
2247
3446
1750
1305
3354
2209
512
1360
2279
1453
960
820
2522
1029
1069
2000
1476
2762
1241
690
1734
522
1106
1088
183
2232
1433
1726
117
1663
155
1704
2248
1796
677
1454
2196
1361
886
2698
837
1442
1283
3312
829
