74
2314
443
1389
745
739
2421
1860
1902
2943
1291
2967
1288
2119
200
1497
3430
984
687
1420
1517
2900
3524
3155
1765
754
1150
361
2044
2311
468
380
104
2695
2655
3594
2013
917
341
1028
2687
3031
539
1581
943
1063
1365
2505
2243
1105
2342
2696
2280
1003
3077
3049
853
29
633
603
2481
1692
3025
3597
321
134
3570
3118
2284
1225
2720
1872
483
1297
2515
3234
3079
13
1068
3585
2746
3317
3068
1238
2794
832
2281
2266
3459
1986
2258
645
441
1310
3120
1561
3055
1723
2814
2730
1214
1407
2011
2555
1591
1473
2128
2920
1186
3379
2386
1735
429
1969
2292
3378
1108
3244
2418
740
392
662
3003
2397
2657
28
946
1912
2868
3366
1686
1448
3046
708
368
2736
3319
292
2595
2001
722
2950
3304
2564
3312
216
262
607
102
3391
1010
3034
906
2854
2691
3349
719
3279
1811
57
87
1346
2164
2558
1620
2190
3395
916
3030
1738
1592
970
1839
907
524
2952
3105
2671
3061
1609
1146
797
1511
1408
1612
1757
2472
2557
1754
3552
617
1724
747
1943
596
3032
1002
2051
2463
2667
2427
1697
1644
1587
3529
895
3270
2364
480
2514
1474
3261
56
1507
924
3052
3335
288
477
236
2991
3171
1619
9
3084
1515
1940
2240
1465
253
315
703
2330
1393
3065
875
1873
435
769
496
775
381
177
881
1077
2653
1215
3205
2492
415
1880
3294
3416
2100
2286
2092
547
3363
1156
1099
3325
84
2226
2245
1614
2348
975
3151
1273
1227
2301
2327
3449
3358
1717
1415
2094
3093
3085
287
2745
1211
3357
3466
2333
3593
1787
295
277
3198
2771
3361
2828
2227
2115
1645
1070
3167
1191
2669
1201
1432
2809
2215
531
2928
246
604
214
3431
1212
3518
1285
690
1714
1500
1190
2661
1246
3204
2867
3132
1890
1256
1384
1745
3076
2288
1226
3012
472
1862
834
454
1681
2729
1711
1261
2748
672
986
3039
3364
1305
1454
356
2265
553
2709
2442
3220
1554
2549
2200
1519
1307
2503
154
3083
2054
3353
3502
2753
1939
113
559
2510
629
2413
534
129
2844
3124
1841
767
619
927
2859
3159
1170
3015
1783
1199
5
1785
1813
2708
910
2151
1951
653
1567
2577
1055
164
3121
79
3462
2355
3135
3432
727
1955
3164
3457
2003
1129
2816
3056
900
1693
913
2228
3427
741
1725
1634
3546
1406
2141
3243
2219
1759
3465
2927
1548
2602
3481
120
1885
18
19
909
2907
1922
1699
1161
1467
899
3460
2604
3103
1801
2776
1239
1403
1247
384
150
830
1147
1367
1935
1882
936
1698
294
1300
1710
778
212
283
2956
2550
1022
2864
1566
1106
1979
501
461
1624
64
2002
3566
1965
243
851
2918
1383
3237
2622
1387
1830
325
3142
1524
1301
1894
1265
804
1069
3089
2757
2436
3368
3283
736
424
1789
1835
588
423
2131
3320
313
1083
1493
1919
2589
255
519
1886
2125
2772
3504
742
2346
1013
2406
1371
2493
1057
3145
1158
191
2310
928
160
611
658
560
684
2949
1655
2410
2619
674
1786
561
3019
3390
3126
3097
1879
273
3100
563
3296
1381
2586
823
139
700
2578
3017
871
2449
66
779
377
2102
1034
1163
3346
1996
2161
2047
44
3306
2069
951
885
1373
2552
2351
453
2272
2253
3054
2136
2367
908
68
2420
545
432
2107
841
86
1516
1240
606
1014
1366
2848
2647
201
16
2693
1235
1027
1221
2295
665
1036
1078
1160
106
431
1402
2658
1736
1484
1008
2800
1315
1513
2339
949
165
3018
3509
2076
2048
475
2400
2620
1006
3226
1690
1021
761
1483
3308
2034
3098
1207
977
3183
2411
2615
234
20
2630
1991
1746
232
256
1278
1328
2988
3058
1101
1394
2893
1476
1870
1139
2188
492
551
1352
2250
1410
305
2803
459
2992
2718
1978
3513
3398
819
1280
3021
3199
1985
1345
302
2571
1838
3272
1716
1287
1165
2466
488
487
537
2921
640
1347
2332
2526
762
839
2378
3307
2067
3581
707
2906
3288
902
1661
1427
171
1861
3554
345
1330
3376
2008
1683
2576
569
1954
2257
1422
1849
2722
3491
3592
833
3485
1154
2368
1088
3009
2766
2990
720
2036
260
266
2377
1348
2726
1431
397
3073
272
72
1405
1908
3067
51
1663
578
1559
1677
1766
838
2214
2404
997
314
2869
393
3442
3440
2916
3036
327
824
2015
3441
1262
694
1520
898
554
2742
1430
2322
1218
1379
3104
1963
239
382
1542
2238
427
3522
473
3000
850
2775
306
3259
1124
280
2124
448
1370
8
2134
1501
2485
2997
1982
2179
904
2923
2478
573
412
3315
873
751
1079
1052
2137
2638
187
965
847
2977
1127
2430
1081
1208
1039
1323
2973
1883
2857
3099
550
385
511
2560
958
1357
1456
0
2998
2173
1742
3035
467
53
2670
1729
1495
1934
1249
1867
2331
2321
409
3598
635
3053
3464
1442
3041
180
932
2968
1854
952
2723
2079
1492
2524
3489
27
808
1087
816
308
1054
1098
548
1508
2185
1900
1164
365
865
2995
1703
595
2229
3507
2433
2714
2246
1331
257
2978
445
1380
149
2082
3149
2815
213
1660
2024
699
3405
2960
968
3005
1889
2747
820
419
1571
1803
2822
11
3070
1948
2497
3006
410
169
2518
1593
2471
3156
2721
631
41
2073
360
3293
119
1730
2453
2218
1718
556
1743
1858
1584
2861
1358
2764
889
705
274
89
1233
76
3195
439
2117
2986
1732
2645
1178
3297
2408
2344
1557
3305
516
1414
1259
1093
437
3154
505
54
2913
192
251
444
1429
2177
2447
2475
2617
2601
800
495
3472
1924
1702
118
463
1131
1085
2385
2363
3553
1623
2525
3438
2600
179
1833
696
835
639
2018
2541
2842
157
2529
2811
3284
3540
3582
3579
2271
271
3191
24
581
3268
2665
446
2976
469
1804
205
209
1875
2987
791
795
2402
2191
3269
3134
2711
1550
2052
1447
3080
2539
2820
117
83
403
2637
2582
3094
818
2909
2343
231
3588
914
2646
1143
1701
2416
2584
730
303
2725
2445
223
1395
2484
1255
1627
3389
344
2486
1361
3473
995
2120
3267
1999
2285
1962
2500
3112
1007
2798
1942
2972
2025
3066
2359
600
3526
1378
3557
2843
2554
1438
3483
918
460
3352
3503
3525
1202
2628
682
3127
2422
123
2659
2750
1518
2713
452
536
2061
33
518
1502
2872
1977
2307
2375
2380
2086
2710
144
2356
391
1125
3102
3362
2656
2810
1123
3262
2230
657
1141
1392
204
3236
2089
2398
126
2531
6
3182
1741
1722
2904
1314
94
93
1241
2712
267
2889
2159
2849
1044
1583
3444
2965
1025
880
1140
723
3498
1726
577
1871
2066
2111
503
2957
2580
3163
3
546
1931
451
2006
2357
1104
2216
2324
3505
676
2879
564
887
62
874
2807
3274
2303
2781
1174
81
17
2021
1966
734
3344
323
1976
2064
1283
2743
2895
2562
2989
1764
776
3232
3492
2312
2590
3333
3425
1268
250
1409
571
1302
1417
2516
1832
1317
593
1204
3202
2313
3572
3210
2513
3086
417
3514
1200
1538
1947
784
207
1680
605
1217
1209
3287
2316
945
1749
1162
2239
1779
285
318
3170
3165
3139
2852
864
805
2022
3321
170
2259
955
1534
3255
2009
1731
1049
1988
2735
1062
1918
31
1915
763
934
357
2752
1888
1760
615
2855
1337
3069
1425
1859
782
1899
1043
1712
2055
1541
2130
1231
1351
1696
2806
48
1715
2763
1829
1588
3383
3468
1096
1990
2358
3484
2196
3456
3487
964
572
226
1778
972
2583
3111
1038
1308
414
2924
132
1114
2455
1851
346
601
1774
2592
836
3209
701
3253
2334
3434
116
2813
3075
268
3026
3400
3500
2031
3354
903
549
101
3512
709
813
3096
598
436
2692
2985
59
1018
3520
198
1837
3217
2461
1051
1269
252
624
58
2087
1388
1325
1237
2145
1901
806
1074
2081
1418
3528
34
1533
1666
671
2443
2394
941
1479
2454
594
1662
764
65
2108
2759
706
2823
230
2202
502
2680
2139
3322
2172
3433
2898
2319
1744
1530
1270
1480
2758
2788
3590
2885
2298
2650
2784
3535
766
1691
959
329
3176
1682
333
498
1329
2118
91
2135
3326
2019
1000
418
3381
2565
1436
2160
2678
1616
1700
1688
3013
2563
3216
1048
228
3331
1469
2832
3392
2643
688
2717
3153
632
2027
1575
3548
1289
1877
3057
814
369
2538
2553
168
1058
854
2103
3060
718
1138
109
3273
2192
940
215
2070
2627
2707
2534
526
1632
1705
1929
2080
3125
2719
316
3394
342
26
1920
597
2362
3367
261
1807
2154
2444
1607
1755
3147
1137
49
983
2651
2835
3201
1622
1263
1171
1808
482
2623
2542
2496
3399
2425
3024
915
1848
2020
334
1015
1040
2217
3211
938
2146
1203
3385
1433
290
2480
812
587
2338
773
2096
2374
2498
748
655
963
1045
2543
846
2785
1737
1102
2268
3369
2282
1953
1625
1012
3589
3448
3177
2423
340
1286
591
3091
543
1135
2407
2175
1798
514
1253
4
3113
2925
217
3372
1907
1177
602
1916
1958
458
2749
1547
2639
2429
2232
1975
1933
486
771
520
3560
2891
2277
650
1421
2042
772
2635
2248
1148
3424
2910
1005
3318
1086
2508
2353
222
1558
3071
2391
566
3169
2424
1312
2494
3016
2138
1128
373
1350
623
2098
829
893
2908
3564
225
1359
2249
2544
589
510
2574
2933
2878
78
135
962
2337
2802
2996
654
2877
504
3174
449
1628
67
2914
2233
3229
622
3023
332
1967
3008
1828
2264
2681
289
3028
3152
2184
1050
2937
1073
931
30
2732
1903
219
1182
2467
293
2702
107
1197
1194
2167
2774
749
484
2984
3166
2488
2254
1926
683
1496
3257
2728
2964
3295
455
2325
1945
3530
2579
966
1116
1636
1107
1695
1586
3370
3539
15
1631
1906
161
1675
3010
1064
1019
1343
1987
3044
1826
1293
3576
3443
809
1936
641
580
158
1657
3092
2548
2349
142
990
2208
3332
3549
2930
801
1313
1814
1510
1983
532
2737
330
2789
827
2460
3218
1539
860
3222
1855
2631
2845
2193
3334
3038
2040
1042
2738
1910
1339
312
2269
1843
497
2701
3382
849
1960
837
2403
1670
2274
2110
2491
2581
2876
2507
1157
2874
2509
249
1375
1376
878
1299
923
1428
1298
647
869
987
2621
1385
3254
354
2919
1802
926
612
2690
395
3404
792
2734
3180
3521
2152
2739
1957
2030
2755
2032
1443
491
1850
2473
2716
996
2147
1344
172
1753
2033
2291
60
1740
494
1236
3527
500
2640
3450
1891
1974
608
2922
2782
667
1210
3108
848
2805
886
2261
2101
2392
1673
2519
1076
2162
2903
2804
151
2163
304
815
3239
284
1606
3421
1937
1911
1869
768
195
2767
1684
3476
1651
3081
235
1747
3280
2336
785
2065
2075
3207
3263
2587
1400
789
3072
3095
140
2053
3452
39
738
992
1551
2170
43
929
897
2038
3276
2912
183
3193
1819
1276
2372
376
3561
3277
693
1913
3310
1322
679
355
3559
1132
3281
1647
756
2005
937
620
245
2796
3406
1599
1173
442
2683
1505
194
2287
2014
88
3587
2195
1037
1909
1016
2026
2432
2795
130
1925
634
298
1113
3119
23
2853
2797
714
2862
3238
2597
3323
3328
2779
1205
114
637
3497
3062
401
2674
3233
1318
3347
692
405
1475
758
3414
1356
2684
1887
3584
826
2504
1084
689
659
1274
408
2660
2778
1658
2244
3446
2955
197
1667
1264
2917
2962
383
269
97
1544
3565
3350
188
1192
2090
3567
576
1598
2252
1272
2299
3393
3129
1568
542
668
22
2223
1333
2648
1812
2350
363
3508
3140
944
2417
867
336
1679
238
1490
1836
1354
1751
2045
244
2220
2682
2540
1377
616
1362
1446
2888
128
2783
1503
2575
2300
3194
565
1471
1769
3258
3107
10
2530
3082
2882
1439
2384
568
627
1060
1095
3002
1756
2880
733
3212
1852
3515
110
2780
570
613
2482
678
1252
2309
802
3173
2143
1763
2605
2241
599
2765
686
3042
3408
891
1122
3122
2123
1445
2091
3316
1950
2174
753
1892
821
389
85
3040
2572
2279
3048
529
184
1927
2979
2769
3143
586
2347
227
2915
3600
1450
724
466
1281
863
1671
1864
582
2573
1372
299
1145
3336
3286
1621
3436
1316
3144
2936
1295
1142
146
371
156
540
2383
2905
1257
3014
2699
555
1642
163
1035
2946
2591
750
1563
1788
1271
2060
3063
96
2612
489
2825
1485
1856
2817
3506
673
1489
969
1846
1565
2818
1046
2588
2663
621
3004
90
2207
2221
2320
2198
3037
2668
2546
2369
1930
2521
1816
2393
2790
2035
1180
2596
3495
1411
884
1047
2194
1220
2446
45
888
1771
3022
2851
2459
1630
364
2897
638
1092
2954
810
1522
407
1481
3534
521
1605
2614
3178
2371
3221
2887
1458
1775
2183
3115
2833
1017
794
2153
2593
3146
3577
241
979
538
1320
787
3343
2727
1251
2652
3586
3409
2609
3571
1720
3196
1525
3412
1468
1335
1059
2971
428
1382
3371
2685
1349
1175
1514
716
38
99
3474
3517
712
1290
2704
3360
843
1610
2520
1536
2419
1727
807
2158
297
3486
2756
2860
2210
112
3482
63
512
2165
430
796
229
2689
2126
2016
1477
1776
2434
378
1340
2613
3185
2676
3375
1795
2017
2204
2632
1904
2209
2335
1685
2176
2694
1968
530
1461
440
3402
2401
3271
1569
2911
2296
1777
3501
2688
1416
1938
1166
1260
3189
2144
861
2072
2942
1674
2273
1857
1089
2382
1956
105
2405
3299
1949
1486
375
3265
275
630
1923
1353
2255
265
3435
2733
3523
618
2634
3511
2929
3133
702
2381
1390
398
387
3428
2308
2046
1033
666
2649
2000
1336
2007
1600
2105
2256
3179
82
2902
1460
2610
3494
434
80
3562
1242
793
2323
2278
210
1537
1334
1768
2506
533
646
450
980
317
1792
3538
310
2636
1589
3547
3550
3595
2148
1327
2464
2231
189
3451
2883
2863
1072
1001
1134
3471
1728
2099
2242
681
2994
780
348
307
2197
372
831
324
1750
1611
610
3190
670
3478
281
2626
490
162
2041
462
956
3291
685
2483
1694
1643
698
406
3020
55
2260
108
3583
35
759
1668
3206
3301
2104
1229
2846
2598
2476
3373
3437
2896
3087
652
1440
3569
1386
2366
994
3282
350
3150
3245
2559
2361
1874
12
2479
75
1464
935
2959
3298
528
2567
1451
237
1529
2201
1110
2858
3250
2545
1780
301
3136
3051
2056
1973
1462
1799
525
2387
1790
2012
3403
291
2462
178
337
3290
1189
1596
3197
2211
404
479
1793
1897
2899
3256
675
3264
396
2523
2395
656
933
1845
981
1234
852
1995
509
3397
2522
1303
3160
46
2945
2611
2705
1404
1767
1582
3411
416
1543
575
1435
181
1103
799
131
1396
882
95
3106
1296
2441
242
1633
3292
2149
1629
1800
1650
115
1602
2388
1824
651
3422
1676
590
3130
725
2870
1423
456
2839
199
1292
743
982
1827
3510
2451
1784
153
2939
2499
2840
1434
2180
263
3423
961
3043
1876
2502
2186
1004
2142
2129
1884
2633
991
320
3181
879
842
3519
1487
2948
2283
2944
2777
3445
2037
2570
425
311
3329
1704
3545
3110
817
777
1097
1572
711
471
2527
286
2961
2426
2293
3541
2501
1659
3228
735
760
1498
757
3188
1626
1654
2050
1459
1758
2306
845
1980
1326
1080
644
2326
3356
3260
1254
998
989
507
2487
3123
803
1118
2993
1521
138
3227
1733
1820
3342
1640
1176
3341
2934
728
2428
517
1061
2084
3247
1152
3116
3213
343
1585
335
1294
69
3488
399
1172
2821
1535
3499
636
233
3275
1637
499
247
1
746
1972
493
2568
1652
1532
2294
1638
2414
2535
1374
2624
609
1984
3148
1881
1117
3249
2438
1574
1981
2871
3047
2106
2847
626
3599
2672
326
1761
3544
663
1590
562
124
92
1576
3536
2884
2474
3596
1570
2171
1842
3578
1324
1646
1248
866
411
1026
2187
2262
1509
2063
1823
3417
98
3493
152
677
3330
1213
921
1155
1309
911
3109
2517
3365
125
2354
1032
36
2599
1151
190
3278
661
374
1449
3208
182
1672
896
584
1689
3141
2370
1029
1111
1120
2399
1847
3327
2787
1075
353
1228
296
2700
2390
127
721
1959
1989
3386
2437
2365
3266
2315
7
3556
1781
2808
664
2083
2328
1198
1453
1809
2770
3175
3543
167
2058
3337
147
2740
3324
3351
2881
925
744
765
173
1615
3480
1512
40
1494
1041
3396
523
2059
1810
2166
1437
1997
1090
1914
2642
185
717
1455
2773
870
2305
1332
2469
1031
1818
211
890
1523
3161
2155
1531
2077
319
279
1946
1136
2234
790
2826
1905
1188
50
2470
541
2953
2140
2317
1840
1355
1928
3380
574
3563
2247
1232
2304
1579
1094
3463
3200
3496
857
1992
2675
3575
1834
1562
2724
2926
1115
1878
3078
2786
3374
2213
2938
159
1444
883
2412
1526
2824
1364
1284
258
1091
2981
939
2004
2169
1748
868
2133
1267
2793
1604
331
2970
2360
558
1266
985
1603
1656
2792
1491
1065
2267
465
1613
2074
2236
42
3184
25
922
3235
1109
3591
877
2641
2302
2
3225
1183
3419
2901
2677
527
2841
1944
2528
1952
386
2607
3215
695
141
715
1649
2431
362
953
557
2827
1179
1478
1216
1994
1564
2456
1413
1635
203
3059
2205
3303
121
614
3537
1595
2932
1193
2452
1580
2686
1762
2352
1772
352
1687
221
122
660
457
1664
506
858
220
394
349
1153
1184
2078
1426
3426
1822
732
2458
14
3580
3531
1556
3027
2751
2761
988
3203
625
2819
1424
3300
1863
2039
2023
1961
1011
1678
862
1119
390
1641
1206
485
3045
3467
52
669
1853
844
1023
1100
400
642
3117
1721
1195
2616
950
1466
2741
309
3415
1009
3475
971
535
3231
322
2028
2203
2532
2975
1133
710
2318
3101
1472
2966
1258
2276
175
3453
1419
1739
798
2181
2983
2865
2109
278
973
1815
1275
3285
3410
2594
2043
3138
1998
1181
166
3458
1230
2703
2168
1932
3574
2654
1112
2698
1648
901
367
1169
2662
2439
1964
2212
960
2465
47
1457
218
1844
476
567
1196
136
3477
2263
193
2569
2112
1639
1397
420
948
643
3551
2969
3074
1222
2199
731
3407
2618
1342
3470
3187
208
248
100
1817
1706
3240
3338
2999
1149
513
174
2062
1865
2225
2448
3007
2373
1555
876
2341
2071
2068
1713
2457
3192
3289
1020
2673
2537
3088
186
2837
508
2396
1770
2477
1056
1791
3355
3252
3387
2603
3558
402
2873
2127
2224
3137
351
2551
2237
2629
967
872
2290
1993
957
3455
470
3251
1279
2182
3454
3542
1066
919
1168
1306
522
1540
3050
737
1896
3162
1185
3413
2222
774
224
358
1030
2561
2088
859
1898
1618
1573
3001
920
1250
1921
282
1441
2866
37
1577
592
2114
811
783
1773
3309
1360
3340
1311
481
993
2235
3469
2206
1578
2189
2768
752
1552
2831
3532
2644
1488
2095
2744
912
1223
2097
1024
2850
2830
2122
3420
726
2547
143
2157
2345
2093
1825
379
3388
1796
2440
1463
2178
21
628
1546
1528
2409
240
276
1470
1144
2556
2812
2974
259
447
2156
892
1187
3461
2799
1167
3241
1121
3339
32
2706
2931
474
2829
1794
338
3377
270
2379
515
2566
2834
1669
2512
2468
3248
1282
3158
370
840
2251
2941
1304
942
3090
788
1709
976
2297
1499
1806
1917
2113
202
3157
1831
2760
413
3064
2982
786
1797
1219
300
2490
3359
1594
3439
905
3230
544
2608
1506
2762
856
1597
1782
2980
464
3314
3302
1821
1608
1053
1398
71
2450
3033
1504
1482
1868
2731
3573
3168
3246
2679
822
2511
3311
3384
3490
2340
894
1617
579
1941
2791
1368
1970
1363
3224
137
2150
264
1159
713
3479
133
196
552
73
828
3533
2049
111
697
3429
2057
1665
421
1244
1734
3401
1082
2415
2838
1243
3447
3186
61
691
2533
2606
1067
2376
388
3516
2029
2940
1224
2894
2836
2875
1653
1369
954
2947
254
77
155
347
426
3555
1708
3568
1545
103
3114
704
1399
2958
3029
2495
1866
2697
339
930
359
583
2664
1895
2116
2585
1560
1071
3219
1805
148
1245
3242
2389
2329
3313
2270
2715
422
3131
1277
974
648
1452
1893
2625
2289
585
1752
1130
1553
1401
729
755
3214
680
2085
366
2666
328
2951
206
3345
3348
1707
855
438
176
2121
433
1527
649
978
770
1321
2890
2435
999
145
3418
70
2275
1412
781
1341
947
2892
2856
3128
3011
1391
1601
2801
825
3172
478
2536
2935
1971
2754
2010
1319
3223
1719
1338
2132
2489
2963
1126
2886
1549
